0.101483 0.0734967 0.16874 0.0764317 0.179976 0.0766615 0.144048 0.179164
0.101175 0.0737915 0.168451 0.0752958 0.180319 0.0762461 0.147391 0.17733
0.102363 0.0738628 0.167619 0.075419 0.180919 0.0780128 0.145161 0.176644
0.101815 0.0746341 0.167461 0.0759934 0.183036 0.0754104 0.147141 0.17451
0.101131 0.0736751 0.16697 0.0767483 0.179849 0.0764507 0.145565 0.17961
0.101858 0.0740998 0.166519 0.0758026 0.183138 0.0765172 0.145365 0.176701
0.100018 0.0741404 0.168595 0.0767169 0.176321 0.080354 0.142956 0.1809
0.101359 0.0744444 0.168287 0.0760316 0.180782 0.076962 0.144707 0.177427
0.100548 0.0747121 0.167669 0.0771504 0.183296 0.0771161 0.144232 0.175277
0.100682 0.0767065 0.162306 0.075262 0.192739 0.0679897 0.161158 0.163156
0.0994624 0.0740499 0.170077 0.0765707 0.179671 0.0783117 0.146107 0.175751
0.0958234 0.0732307 0.175207 0.0770133 0.176759 0.0817184 0.142646 0.177602
0.101713 0.0737351 0.169193 0.0755756 0.18075 0.0787624 0.144927 0.175343
0.102428 0.0720781 0.167368 0.0766089 0.181877 0.0762093 0.145541 0.17789
0.100191 0.0733484 0.170008 0.0770131 0.178916 0.0773646 0.147686 0.175474
0.101081 0.0741797 0.167261 0.0754951 0.182843 0.077023 0.147152 0.174965
0.0989915 0.0744605 0.171358 0.076964 0.180963 0.0783153 0.145044 0.173904
0.0964181 0.0760898 0.174906 0.0760306 0.179677 0.0816143 0.140126 0.175138
0.103743 0.0732331 0.167068 0.0767506 0.180082 0.0774196 0.143018 0.178686
0.10125 0.0737184 0.167961 0.076143 0.180805 0.0763084 0.145371 0.178442
0.102014 0.0737092 0.167724 0.0756064 0.181099 0.0775003 0.143874 0.178472
0.0966144 0.0738168 0.171399 0.0782393 0.179942 0.0813006 0.146328 0.17236
0.10207 0.0752873 0.166243 0.0764924 0.181859 0.0767598 0.143874 0.177415
0.0996945 0.0748524 0.167094 0.077101 0.181755 0.0774531 0.144906 0.177144
0.0989483 0.0746298 0.167531 0.0774285 0.183405 0.078931 0.142654 0.176472
0.101471 0.0749391 0.166839 0.0762557 0.184594 0.0761138 0.144954 0.174833
0.1011 0.0743692 0.166296 0.0769945 0.183012 0.0766963 0.144567 0.176965
0.0977459 0.074453 0.17115 0.0761878 0.182271 0.0778197 0.144572 0.175801
0.101387 0.0734333 0.167236 0.0768277 0.183298 0.0766885 0.146117 0.175013
0.0992261 0.0730808 0.172704 0.0775862 0.176778 0.0795132 0.14442 0.176692
0.097279 0.0749503 0.173839 0.0740056 0.181086 0.080006 0.144066 0.174767
0.10187 0.0739787 0.166762 0.0765121 0.182485 0.0763073 0.145519 0.176567
0.100232 0.074161 0.170823 0.0753214 0.178289 0.0771921 0.148243 0.175739
0.100601 0.0743265 0.168967 0.0746919 0.181926 0.0758432 0.149272 0.174373
0.100314 0.0747558 0.168248 0.075409 0.182892 0.0753242 0.149583 0.173474
0.0994758 0.0740476 0.170067 0.0759798 0.179253 0.076151 0.147346 0.17768
0.100671 0.0745282 0.167231 0.0755458 0.181238 0.076619 0.147314 0.176853
0.101328 0.0753834 0.167405 0.0747913 0.181152 0.0752126 0.150173 0.174555
0.0997045 0.0723644 0.172203 0.0748053 0.179937 0.0770332 0.149762 0.174191
0.100662 0.0741817 0.167387 0.0746734 0.18057 0.0760747 0.148612 0.177839
0.100289 0.0757109 0.166695 0.0755375 0.181206 0.0773021 0.147435 0.175825
0.101314 0.0749303 0.166466 0.0753822 0.180965 0.0752811 0.149967 0.175695
0.100139 0.0748288 0.168178 0.0747637 0.178175 0.0807031 0.146214 0.176998
0.0986131 0.0758503 0.170754 0.0738956 0.175385 0.0771734 0.146241 0.182088
0.101191 0.0743853 0.166695 0.0765872 0.178892 0.0782483 0.146316 0.177684
0.100281 0.0742145 0.172712 0.0747491 0.177667 0.0769578 0.14696 0.17646
0.10032 0.0729923 0.169555 0.0776403 0.179759 0.0768133 0.148818 0.174101
0.101873 0.073695 0.169441 0.0750518 0.180114 0.0758071 0.147579 0.176439
0.10102 0.0736524 0.166545 0.0760986 0.183283 0.0751139 0.14615 0.178136
0.100132 0.0749329 0.168032 0.0754609 0.182345 0.0760121 0.143519 0.179568
0.100913 0.073643 0.167279 0.0766331 0.184184 0.0774629 0.14513 0.174756
0.0992954 0.074402 0.167733 0.0759837 0.182855 0.0766468 0.147529 0.175555
0.0978989 0.0747824 0.168182 0.076195 0.178193 0.0818195 0.14264 0.180289
0.101236 0.0742537 0.167835 0.0758316 0.179823 0.077836 0.146299 0.176885
0.0998916 0.0744607 0.16642 0.0772833 0.184057 0.076034 0.145247 0.176607
0.101834 0.0746522 0.165204 0.0772797 0.186005 0.077082 0.145223 0.17272
0.0989377 0.0732926 0.166828 0.0758577 0.182722 0.0772402 0.146076 0.179045
0.102689 0.0739593 0.16663 0.0760853 0.181587 0.076741 0.145327 0.176981
0.100828 0.074812 0.167912 0.0766005 0.181279 0.0765111 0.144387 0.177671
0.098987 0.0741637 0.170868 0.0778686 0.179995 0.0776469 0.143995 0.176475
0.096408 0.0732985 0.17476 0.075349 0.17713 0.0800474 0.14622 0.176787
0.100868 0.0739747 0.165948 0.0766604 0.184846 0.0762615 0.144667 0.176774
0.102367 0.0733303 0.167246 0.0772825 0.180516 0.077264 0.144696 0.177298
0.0979471 0.075317 0.166609 0.0779883 0.184032 0.0781281 0.14462 0.175359
0.100655 0.0744208 0.16648 0.0769826 0.181936 0.0757835 0.145209 0.178534
0.0974426 0.0747855 0.168818 0.0773382 0.185759 0.0761915 0.147344 0.172322
0.102174 0.0739107 0.166435 0.0764323 0.182363 0.076456 0.145344 0.176885
0.0980367 0.074833 0.16846 0.0773589 0.182957 0.0791173 0.144453 0.174784
0.0979515 0.0743687 0.168525 0.0771371 0.182917 0.0790501 0.143512 0.17654
0.101332 0.0734757 0.167081 0.075984 0.180535 0.0784346 0.144967 0.17819
0.10049 0.0743947 0.168162 0.075273 0.182712 0.0773753 0.144925 0.176669
0.101756 0.0738542 0.165488 0.0759416 0.182486 0.0757443 0.14532 0.17941
0.0969725 0.0754974 0.169759 0.075618 0.181001 0.0790537 0.143356 0.178742
0.0987217 0.0740469 0.168691 0.0757631 0.179915 0.0796243 0.147408 0.17583
0.102184 0.0734134 0.166841 0.0772421 0.182077 0.0762611 0.146109 0.175873
0.101079 0.0745597 0.165782 0.0760068 0.181763 0.0772154 0.145256 0.178338
0.100635 0.074082 0.168592 0.0755895 0.18022 0.0763972 0.144951 0.179533
0.102768 0.0735413 0.166196 0.0776264 0.18156 0.0761818 0.144026 0.1781
0.100248 0.0731397 0.166103 0.0783506 0.183839 0.0765613 0.145269 0.176489
0.101156 0.0739541 0.166061 0.0755001 0.183378 0.0762524 0.146594 0.177103
0.101071 0.0746961 0.166214 0.0771435 0.183077 0.0775866 0.143252 0.176959
0.100511 0.0745569 0.166904 0.0787077 0.183181 0.0765891 0.14431 0.175241
0.0999708 0.074114 0.167436 0.0758694 0.18428 0.0780793 0.14629 0.173959
0.101356 0.0738462 0.167699 0.0748244 0.182367 0.0774762 0.144682 0.177749
0.102329 0.073837 0.167014 0.0770974 0.181991 0.0768939 0.144344 0.176493
0.0998041 0.0748107 0.167193 0.0756492 0.183948 0.0768547 0.145757 0.175983
0.101099 0.0744913 0.167815 0.0750391 0.181732 0.076603 0.145119 0.178103
0.101413 0.076337 0.165089 0.0779392 0.184683 0.0751522 0.143836 0.175551
0.0998951 0.0751464 0.16503 0.0767496 0.184214 0.0784643 0.142683 0.177818
0.101717 0.0742253 0.167384 0.076333 0.17992 0.0763548 0.145018 0.179046
0.102293 0.0728389 0.168916 0.0763985 0.1796 0.0788141 0.145388 0.175751
0.100473 0.0742502 0.167282 0.0766 0.181917 0.0762783 0.145571 0.177629
0.0994712 0.0756832 0.167717 0.0757467 0.184279 0.0761385 0.146584 0.17438
0.101098 0.0742884 0.166369 0.0765855 0.181524 0.0752665 0.145869 0.178999
0.0978329 0.0758484 0.170494 0.0766881 0.179268 0.0801027 0.144176 0.17559
0.100973 0.0734311 0.168141 0.0768861 0.181394 0.0761114 0.146912 0.17615
0.0995488 0.0740832 0.1685 0.0754541 0.18534 0.0757343 0.147193 0.174148
0.100044 0.0745152 0.167761 0.0755579 0.181489 0.0799986 0.142895 0.17774
0.102471 0.0734678 0.167369 0.0758248 0.18146 0.0770803 0.147297 0.17503
0.101222 0.0734406 0.166314 0.0767789 0.181351 0.0774602 0.146688 0.176745
0.099892 0.0745504 0.167745 0.0762327 0.182933 0.0766347 0.144026 0.177986
0.100068 0.0733782 0.168976 0.0777248 0.180357 0.0749253 0.146864 0.177707
0.101989 0.0743455 0.166626 0.075602 0.181233 0.0769485 0.148405 0.174851
0.100139 0.075601 0.166904 0.0752445 0.182995 0.0774493 0.146357 0.17531
0.101807 0.0737654 0.166283 0.0759395 0.181965 0.0768947 0.145817 0.177529
0.100727 0.0751341 0.167737 0.0755875 0.182823 0.0768201 0.147892 0.173279
0.10071 0.0737204 0.167997 0.0767496 0.18202 0.0767672 0.146103 0.175932
0.100785 0.0740767 0.166422 0.0753524 0.181027 0.0768029 0.148166 0.177368
0.101309 0.0736459 0.167789 0.0760386 0.180767 0.0766262 0.146895 0.17693
0.100173 0.0737135 0.168019 0.0774155 0.182116 0.0752043 0.149402 0.173956
0.102686 0.0749884 0.167384 0.0759343 0.182612 0.0751056 0.146322 0.174969
0.0964968 0.0730722 0.175605 0.0767199 0.176956 0.0805737 0.143704 0.176873
0.10215 0.0734391 0.167849 0.076003 0.18146 0.0754381 0.146882 0.176779
0.0980864 0.0745182 0.169848 0.0762698 0.178433 0.0787176 0.145088 0.17904
0.100851 0.0733985 0.166511 0.0775258 0.181407 0.0781368 0.145771 0.176399
0.101756 0.073889 0.166823 0.0775596 0.18166 0.0769884 0.14478 0.176545
0.102048 0.0733157 0.168327 0.0759953 0.181054 0.0778823 0.143197 0.17818
0.0996816 0.0751958 0.16748 0.0780234 0.184567 0.0770802 0.142314 0.175658
0.101512 0.0737301 0.168605 0.0764265 0.183194 0.0752236 0.146638 0.17467
0.0971514 0.0750248 0.167718 0.0776329 0.184645 0.0791056 0.147919 0.170804
0.0993466 0.0730242 0.173369 0.0762273 0.179753 0.0766386 0.147195 0.174447
0.102044 0.073909 0.165467 0.0762639 0.184066 0.0767051 0.14428 0.177266
0.102839 0.0739282 0.166355 0.0779122 0.181903 0.0761439 0.142565 0.178353
0.100546 0.0742527 0.166643 0.0759686 0.184143 0.077315 0.145146 0.175985
0.0987433 0.0739993 0.169603 0.0772747 0.182045 0.0778559 0.148983 0.171496
0.0988448 0.0748391 0.170606 0.075257 0.18271 0.0796293 0.142474 0.17564
0.0992212 0.074718 0.167139 0.0770443 0.185199 0.077125 0.143255 0.176298
0.101788 0.074662 0.166885 0.0771411 0.182194 0.0764055 0.144543 0.176382
0.10112 0.0764944 0.165047 0.0745715 0.179824 0.078255 0.145465 0.179223
0.0996051 0.0735702 0.169418 0.0767817 0.180855 0.0761847 0.145688 0.177897
0.0978368 0.0747789 0.168918 0.074395 0.180549 0.0784045 0.151358 0.173759
0.0994522 0.0747219 0.167374 0.0744027 0.179564 0.0794127 0.145175 0.179897
0.102189 0.0745503 0.166633 0.0749754 0.180162 0.0766882 0.145898 0.178904
0.0988977 0.0732677 0.168443 0.0759622 0.182496 0.0746627 0.15017 0.1761
0.102731 0.0748191 0.166745 0.0753077 0.179571 0.0778996 0.147071 0.175856
0.0989961 0.0735172 0.168642 0.0760334 0.182078 0.077202 0.147512 0.176019
0.102029 0.0755124 0.165611 0.0760642 0.181825 0.0767814 0.146187 0.17599
0.0997466 0.0762561 0.166893 0.0754141 0.182001 0.0774709 0.148348 0.17387
0.102364 0.0741693 0.166094 0.0762163 0.182112 0.0773383 0.146821 0.174885
0.0994118 0.0728277 0.169508 0.0762471 0.179676 0.0765209 0.146823 0.178986
0.101449 0.0753603 0.16576 0.0747102 0.183352 0.0749676 0.147796 0.176605
0.0988488 0.0724845 0.173417 0.0751233 0.176062 0.0795653 0.147328 0.177171
0.101023 0.0742741 0.16731 0.0757527 0.180866 0.0774338 0.145805 0.177536
0.0999118 0.0735548 0.170648 0.0762372 0.181871 0.0757715 0.147435 0.17457
0.101221 0.0744322 0.16782 0.075492 0.181168 0.0777056 0.146471 0.17569
0.0998126 0.0760923 0.168123 0.075489 0.182122 0.0783833 0.146276 0.173702
0.0962219 0.073822 0.173488 0.075637 0.180114 0.0773342 0.147244 0.176138
0.0988772 0.0738195 0.169507 0.0749665 0.180938 0.0775629 0.147844 0.176485
0.0997068 0.0738616 0.167495 0.0761607 0.184391 0.0780003 0.146632 0.173752
0.0997531 0.0748095 0.166772 0.0759335 0.183589 0.0770287 0.146366 0.175748
0.0977432 0.0753885 0.173238 0.0741939 0.17757 0.0785054 0.145053 0.178309
0.0999467 0.0751868 0.167301 0.0748556 0.184031 0.0753764 0.146157 0.177146
0.0981748 0.0733429 0.173027 0.0749719 0.177775 0.0787593 0.144783 0.179166
0.0993093 0.0745586 0.169492 0.0767195 0.183602 0.0755646 0.148098 0.172657
0.100749 0.0740688 0.168276 0.0745438 0.180444 0.0769341 0.147616 0.177368
0.0989358 0.0752226 0.170877 0.0762573 0.18083 0.0741951 0.149071 0.174611
0.102138 0.0736157 0.165748 0.0766735 0.182519 0.0757077 0.148126 0.175472
0.101666 0.0741053 0.165658 0.0764118 0.182797 0.0755177 0.149297 0.174548
0.101206 0.0747936 0.166352 0.0747586 0.180947 0.0778147 0.147786 0.176343
0.100646 0.0740153 0.169247 0.075649 0.181352 0.0745166 0.148905 0.17567
0.101632 0.0739283 0.166953 0.0757339 0.182086 0.0750386 0.147868 0.176761
0.102076 0.0739833 0.165625 0.0785258 0.183292 0.0754259 0.146123 0.174949
0.101833 0.0741583 0.166228 0.0762551 0.181984 0.0758973 0.147112 0.176533
0.100937 0.0747645 0.166513 0.0756613 0.183042 0.0772505 0.144168 0.177663
0.100039 0.0741986 0.166265 0.0766872 0.183664 0.0770575 0.145124 0.176964
0.102662 0.0737303 0.164946 0.0778736 0.182766 0.0752 0.144936 0.177887
0.101255 0.0737272 0.165064 0.0777201 0.183355 0.0776932 0.14417 0.177016
0.099117 0.0728879 0.169623 0.0777967 0.18058 0.0792215 0.14284 0.177934
0.101675 0.0743513 0.166698 0.0758213 0.182877 0.0752999 0.147284 0.175994
0.101261 0.0735157 0.168153 0.0757156 0.182827 0.0750008 0.14866 0.174866
0.101881 0.0743063 0.167589 0.075863 0.180778 0.0756377 0.144962 0.178984
0.100306 0.0753495 0.168222 0.0764178 0.183125 0.075279 0.146072 0.175228
0.0967992 0.074279 0.177007 0.0747339 0.17653 0.0784449 0.143065 0.179142
0.100915 0.0745017 0.167254 0.0758995 0.180133 0.076734 0.146508 0.178055
0.100546 0.0743543 0.167969 0.0757798 0.181135 0.0803741 0.142359 0.177483
0.100992 0.074135 0.166695 0.0759096 0.183674 0.0755467 0.145011 0.178036
0.0990656 0.0746721 0.168468 0.0747361 0.182199 0.0783114 0.145548 0.177
0.101953 0.074208 0.16679 0.0752611 0.182612 0.0747383 0.148513 0.175925
0.0991064 0.0746651 0.170268 0.0758045 0.17776 0.078129 0.148266 0.176001
0.102613 0.0742188 0.165805 0.0769753 0.181958 0.075856 0.147959 0.174615
0.0996504 0.0742334 0.167468 0.0770447 0.183225 0.0756214 0.148303 0.174454
0.0995162 0.0755227 0.166684 0.0773392 0.185443 0.0754366 0.145331 0.174728
0.10168 0.0745677 0.166382 0.0764612 0.182689 0.0762322 0.146255 0.175734
0.0995286 0.0748064 0.168011 0.0765674 0.182688 0.076274 0.14562 0.176505
0.100358 0.0749458 0.166426 0.0754331 0.184523 0.0761159 0.147529 0.174669
0.100804 0.0734258 0.167263 0.0761299 0.182517 0.0758485 0.147147 0.176865
0.10175 0.0747601 0.167554 0.0756154 0.183499 0.0746288 0.147053 0.17514
0.101203 0.0740894 0.166999 0.0754579 0.183191 0.0748289 0.148297 0.175934
0.101558 0.0746735 0.165968 0.0756008 0.18334 0.0748547 0.148654 0.175351
0.100445 0.0744706 0.167416 0.0761011 0.181882 0.076874 0.147302 0.175509
0.0962468 0.0729304 0.175684 0.0781262 0.176382 0.0801426 0.144889 0.175599
0.09843 0.0761858 0.166141 0.0782289 0.184114 0.0763061 0.144928 0.175666
0.0966141 0.0714318 0.174443 0.0741113 0.176995 0.078443 0.149708 0.178254
0.0978057 0.074126 0.167748 0.076611 0.184844 0.0780451 0.148574 0.172246
0.0997522 0.0731185 0.167329 0.0769606 0.183453 0.077076 0.14497 0.17734
0.0975067 0.0749656 0.166747 0.0771367 0.18516 0.0771534 0.146356 0.174974
0.0998206 0.0743549 0.169051 0.0770445 0.181748 0.0773104 0.145051 0.175619
0.101943 0.0748806 0.166624 0.0758259 0.182488 0.0772886 0.145443 0.175506
0.10227 0.0740747 0.167265 0.0762587 0.182243 0.0762336 0.147315 0.17434
0.0977818 0.0732831 0.169071 0.0768927 0.183836 0.0756485 0.148213 0.175274
0.10154 0.0744799 0.166472 0.0764539 0.182958 0.0763362 0.147032 0.174729
0.0985043 0.0724486 0.170682 0.0775153 0.180195 0.0777905 0.149442 0.173422
0.102749 0.0734065 0.166194 0.0779021 0.182266 0.0759967 0.147357 0.174128
0.100548 0.0756665 0.166189 0.0768111 0.180051 0.0791552 0.145959 0.17562
0.100429 0.0745915 0.16848 0.0765584 0.1822 0.0760387 0.146458 0.175244
0.100663 0.0730599 0.168299 0.0761457 0.181135 0.0749038 0.145978 0.179815
0.101414 0.0748261 0.165574 0.0764662 0.182155 0.0770816 0.147937 0.174546
0.0971752 0.0753726 0.168703 0.0756431 0.181358 0.0786942 0.145887 0.177166
0.0996736 0.0743363 0.169451 0.0754529 0.178769 0.0779594 0.14632 0.178038
0.0981466 0.0749285 0.171862 0.0755891 0.177249 0.0792392 0.145135 0.17785
0.100213 0.074236 0.169359 0.075108 0.180579 0.0797368 0.146804 0.173964
0.101235 0.073856 0.168096 0.0755694 0.180231 0.0765593 0.146287 0.178167
0.101426 0.0737242 0.168741 0.0747905 0.180026 0.0761835 0.145729 0.17938
0.1024 0.0746375 0.166623 0.0752743 0.179995 0.0773262 0.148146 0.175598
0.100565 0.0729459 0.166786 0.0761615 0.18449 0.0768377 0.147037 0.175176
0.101353 0.0735482 0.167578 0.0753203 0.181624 0.0758085 0.147013 0.177755
0.10027 0.0744976 0.168005 0.0754849 0.180906 0.0772046 0.14922 0.174412
0.0969937 0.0731021 0.177506 0.0755914 0.173325 0.0832414 0.145036 0.175204
0.10257 0.0738679 0.167797 0.0750595 0.17928 0.0772998 0.146073 0.178053
0.100003 0.0747807 0.166251 0.0766215 0.182581 0.0763032 0.147869 0.17559
0.0999207 0.0752788 0.169342 0.0751097 0.180103 0.0762695 0.147723 0.176254
0.100723 0.0750575 0.16679 0.0759127 0.181962 0.0778188 0.144522 0.177215
0.0982828 0.0740787 0.174768 0.0751584 0.17493 0.0787013 0.148532 0.175548
0.0974188 0.0753322 0.175669 0.0752017 0.176645 0.0774879 0.14686 0.175385
0.0997214 0.0743664 0.168424 0.0764825 0.180561 0.0772327 0.144052 0.17916
0.100122 0.0736847 0.169927 0.0769857 0.178747 0.0757595 0.147216 0.177559
0.0994124 0.0742522 0.169282 0.0757516 0.18361 0.0767245 0.14785 0.173118
0.10019 0.0740665 0.170726 0.0758089 0.180461 0.0755658 0.14826 0.174922
0.0976419 0.0747886 0.172592 0.0750545 0.175496 0.0788179 0.145186 0.180423
0.100067 0.0737496 0.168542 0.0763945 0.182324 0.0754121 0.148429 0.175082
0.101074 0.0752651 0.168842 0.0748453 0.179723 0.0761986 0.146073 0.177979
0.100815 0.0743047 0.168056 0.0762422 0.18069 0.07654 0.147607 0.175745
0.0976162 0.0736314 0.172544 0.0747749 0.17841 0.0773007 0.149679 0.176043
0.100048 0.0749091 0.167123 0.0749563 0.182737 0.0776666 0.146706 0.175854
0.0994005 0.0759623 0.166478 0.0745666 0.184026 0.0775474 0.146959 0.17506
0.101194 0.0745766 0.165828 0.0769659 0.183926 0.0750381 0.147429 0.175042
0.100649 0.0739202 0.16676 0.0765318 0.183711 0.0749588 0.147432 0.176036
0.101678 0.0750302 0.166219 0.0758644 0.182948 0.0757385 0.147433 0.175089
0.102064 0.0744354 0.166081 0.076192 0.183143 0.0759024 0.147504 0.174677
0.103005 0.0743743 0.167274 0.0749896 0.181092 0.0759028 0.146848 0.176514
0.102067 0.074229 0.166265 0.0760885 0.182646 0.0758003 0.146251 0.176654
0.0998138 0.0740782 0.16689 0.0768348 0.182158 0.077882 0.147353 0.174989
0.102005 0.0741719 0.166845 0.0767425 0.181986 0.0753375 0.145505 0.177408
0.101367 0.075267 0.16755 0.0758229 0.182839 0.0761483 0.14371 0.177296
0.102138 0.0739311 0.167631 0.0763185 0.179677 0.0758957 0.145926 0.178482
0.101812 0.073564 0.165691 0.0767584 0.183293 0.0759527 0.145354 0.177574
0.101203 0.0735765 0.167224 0.0772099 0.182627 0.0761435 0.145333 0.176684
0.10256 0.0738256 0.166262 0.0767338 0.181626 0.0762469 0.144707 0.178039
0.0975534 0.0730115 0.171104 0.0760155 0.180615 0.0807294 0.142225 0.178746
0.0983641 0.072988 0.167458 0.0767659 0.184785 0.0790027 0.145584 0.175053
0.101566 0.0749581 0.16849 0.0772991 0.181965 0.0745749 0.144705 0.176442
0.100998 0.0732765 0.168837 0.0764588 0.182715 0.0766551 0.145719 0.175341
0.0983289 0.0738383 0.178119 0.0768661 0.172018 0.082027 0.138706 0.180096
0.10204 0.0740516 0.169873 0.0777479 0.179326 0.0755885 0.14526 0.176112
0.101877 0.0738411 0.166714 0.076587 0.182487 0.0766064 0.144351 0.177536
0.100833 0.0733274 0.168353 0.0771999 0.182356 0.0766507 0.145819 0.175461
0.101208 0.0743406 0.165309 0.0770885 0.184661 0.0750826 0.148271 0.174039
0.100043 0.0734493 0.168756 0.0752417 0.182655 0.0763087 0.147084 0.176463
0.0985579 0.0750785 0.167979 0.0757709 0.183977 0.0760219 0.147822 0.174793
0.10224 0.0746341 0.167883 0.0745576 0.181209 0.0757275 0.147123 0.176626
0.0969916 0.0742175 0.174121 0.073884 0.181079 0.0770139 0.146686 0.176007
0.0979622 0.0740719 0.170224 0.0754577 0.179457 0.0782342 0.146533 0.178059
0.100491 0.0743264 0.167364 0.0757398 0.181258 0.0781598 0.143855 0.178806
0.102192 0.0748602 0.166369 0.0755222 0.181344 0.0759841 0.146103 0.177625
0.100028 0.074335 0.170621 0.0740361 0.179322 0.0777505 0.14628 0.177627
0.10006 0.0731474 0.170198 0.0746662 0.180244 0.0764576 0.148227 0.176999
0.101179 0.0742981 0.167469 0.0761379 0.180167 0.0771828 0.148505 0.175062
0.101772 0.0736619 0.169507 0.0747713 0.181089 0.0758106 0.148782 0.174606
0.101097 0.0738169 0.168462 0.0754221 0.181175 0.0758802 0.149039 0.175108
0.101692 0.0735969 0.168179 0.076352 0.182639 0.0758409 0.146805 0.174896
0.100765 0.0748427 0.166346 0.0758197 0.18331 0.0761109 0.146273 0.176534
0.102156 0.0750032 0.165422 0.0757965 0.183087 0.076227 0.146537 0.175772
0.101529 0.0739224 0.167007 0.0764787 0.182577 0.0777851 0.144587 0.176114
0.101042 0.0737354 0.168118 0.0761946 0.181821 0.0765114 0.145593 0.176985
0.100829 0.0735383 0.167791 0.0759067 0.184632 0.0740816 0.149491 0.173731
0.100099 0.0745307 0.1676 0.0748703 0.182501 0.0782975 0.144931 0.17717
0.100159 0.0739404 0.168419 0.0753934 0.18269 0.0766043 0.144506 0.178288
0.0988323 0.0745477 0.168653 0.0749588 0.182684 0.0781777 0.144718 0.177428
0.100165 0.0739705 0.168027 0.0767732 0.18266 0.0755804 0.146058 0.176766
0.101116 0.0738467 0.169234 0.0753625 0.179745 0.0791989 0.144928 0.17657
0.10193 0.0759282 0.167376 0.0754861 0.182144 0.0759353 0.145995 0.175205
0.102158 0.0744423 0.166139 0.0762107 0.183723 0.0748639 0.147291 0.175173
0.100756 0.0737003 0.170603 0.0766928 0.178338 0.0773291 0.146931 0.175651
0.100938 0.073124 0.167497 0.0769903 0.183356 0.0764695 0.145814 0.175811
0.100789 0.0730101 0.168538 0.0765353 0.182153 0.0754338 0.147936 0.175605
0.098845 0.0740581 0.169993 0.0768424 0.178751 0.0784124 0.145885 0.177213
0.0999173 0.0726898 0.169258 0.0766248 0.182453 0.0774273 0.147624 0.174006
0.0983143 0.0719898 0.17824 0.0767651 0.17147 0.0815516 0.141978 0.179692
0.0967327 0.0745335 0.178287 0.0773906 0.174981 0.077299 0.147101 0.173675
0.100679 0.0742695 0.167951 0.0763428 0.180136 0.0763385 0.148449 0.175834
0.0988687 0.0742061 0.172234 0.0762386 0.178597 0.0788951 0.14471 0.176251
0.100705 0.0745646 0.169808 0.0746789 0.178568 0.0764317 0.146951 0.178292
0.102025 0.0747655 0.166812 0.0747403 0.18076 0.0760498 0.148453 0.176395
0.101473 0.0746353 0.168307 0.0749038 0.180516 0.075299 0.147714 0.177152
0.0998361 0.0735411 0.169795 0.076822 0.179614 0.0759721 0.149432 0.174988
0.0994005 0.0747652 0.170193 0.0752535 0.178394 0.0770372 0.146085 0.178871
0.0995286 0.0734459 0.170124 0.0759516 0.178264 0.0779962 0.147632 0.177058
0.100259 0.0738589 0.168749 0.0760614 0.180831 0.0776505 0.145691 0.176899
0.101004 0.0731843 0.168301 0.0756738 0.181863 0.0766683 0.147218 0.176087
0.100769 0.0744297 0.168429 0.075044 0.179773 0.0769932 0.147631 0.176932
0.101238 0.0731835 0.171413 0.0764997 0.178673 0.076773 0.149258 0.172962
0.101592 0.0742258 0.168734 0.0752151 0.179285 0.0771364 0.149472 0.17434
0.101465 0.0732676 0.168269 0.0763458 0.179985 0.0753609 0.148768 0.17654
0.100574 0.0742205 0.16969 0.0757812 0.179792 0.0760386 0.147071 0.176833
0.100219 0.0744284 0.167774 0.0757255 0.183135 0.0751665 0.147058 0.176494
0.101316 0.0744005 0.168109 0.0767981 0.183002 0.0763497 0.143104 0.17692
0.101285 0.0733148 0.167236 0.0765067 0.18314 0.0758611 0.145335 0.177322
0.101995 0.0735736 0.1657 0.0770142 0.182978 0.0757836 0.14608 0.176876
0.100812 0.076076 0.165371 0.0771937 0.1854 0.0772994 0.14467 0.173178
0.100511 0.0744154 0.165331 0.0765551 0.184526 0.0779839 0.142617 0.17806
0.101366 0.0727791 0.168184 0.0763753 0.179476 0.0779154 0.144729 0.179175
0.100346 0.072997 0.166805 0.0780199 0.181825 0.0768252 0.148189 0.174994
0.099215 0.0741608 0.166687 0.0777148 0.183664 0.0762927 0.144347 0.177919
0.100314 0.0734534 0.16734 0.0766661 0.182489 0.0771607 0.147357 0.17522
0.0970974 0.0739978 0.169259 0.075802 0.181147 0.079594 0.146266 0.176836
0.0983314 0.0728231 0.170535 0.0776298 0.181311 0.0771794 0.145623 0.176568
0.10217 0.0740654 0.167421 0.0751101 0.182117 0.0751662 0.1461 0.17785
0.0973145 0.0738033 0.174353 0.0757017 0.179263 0.0776448 0.145655 0.176265
0.0979569 0.0753851 0.167954 0.0785585 0.184006 0.0774357 0.143141 0.175563
0.100805 0.0739364 0.167694 0.0768045 0.181358 0.0762936 0.147114 0.175994
0.0994969 0.0728653 0.169366 0.0767398 0.181157 0.0761039 0.150312 0.173959
0.101247 0.0732868 0.166729 0.0771004 0.181514 0.0761565 0.148526 0.17544
0.0990282 0.0735886 0.170421 0.0760355 0.180927 0.078422 0.145151 0.176426
0.100397 0.075521 0.168225 0.0761849 0.18191 0.0765056 0.147438 0.173819
0.100637 0.0745432 0.166693 0.0761571 0.183402 0.0765048 0.148981 0.173082
0.101 0.0742008 0.166981 0.0759843 0.182868 0.0769669 0.144689 0.17731
0.0991023 0.0741767 0.167087 0.0750674 0.185233 0.0772711 0.1459 0.176163
0.0978924 0.0736632 0.171237 0.0762454 0.179893 0.0768489 0.145459 0.178762
0.0966898 0.0745768 0.174192 0.0773015 0.177106 0.0795059 0.144613 0.176015
0.097158 0.070834 0.17469 0.076952 0.174824 0.0798329 0.146969 0.17874
0.10065 0.073954 0.168842 0.0762827 0.180002 0.0770452 0.146214 0.177011
0.102504 0.0734454 0.166824 0.0766349 0.180338 0.07655 0.146504 0.177201
0.10159 0.0746747 0.167234 0.074942 0.180292 0.0759097 0.147017 0.17834
0.102096 0.0749885 0.167039 0.0766421 0.180566 0.0768276 0.145762 0.176079
0.0999219 0.0736589 0.166005 0.0760155 0.184051 0.0772491 0.147859 0.175239
0.101506 0.0747193 0.166198 0.0758603 0.184984 0.0754095 0.147047 0.174276
0.101566 0.0740155 0.167238 0.0766531 0.182113 0.075467 0.145876 0.177072
0.0999585 0.0730714 0.169052 0.0781293 0.181425 0.076439 0.146651 0.175274
0.0968723 0.0740185 0.174128 0.0765562 0.17725 0.0807442 0.14114 0.179292
0.0998409 0.074285 0.167722 0.0766484 0.182996 0.0766538 0.14495 0.176905
0.0983016 0.0739594 0.166302 0.0788086 0.183037 0.0775182 0.143399 0.178675
0.101522 0.0733266 0.165848 0.0782695 0.181301 0.0763498 0.14583 0.177554
0.101549 0.0738871 0.165913 0.0777146 0.18277 0.0764893 0.146492 0.175185
0.0980943 0.0745749 0.167433 0.0773889 0.184839 0.0766205 0.147762 0.173288
0.102082 0.0728874 0.167901 0.0762349 0.180101 0.0771198 0.14525 0.178424
0.101557 0.0736524 0.166703 0.0772065 0.181243 0.077466 0.148645 0.173528
0.0970986 0.0762756 0.172481 0.0768037 0.178709 0.0806652 0.139863 0.178104
0.101843 0.0742039 0.166523 0.0767535 0.182846 0.0764759 0.145061 0.176293
0.098482 0.075491 0.168446 0.0776341 0.181568 0.0790171 0.146425 0.172937
0.102084 0.0731406 0.166954 0.0768794 0.18087 0.0773973 0.146181 0.176493
0.102128 0.0740152 0.166098 0.0784206 0.182977 0.0763593 0.146018 0.173985
0.0994366 0.0738125 0.169804 0.0769882 0.178845 0.0791492 0.143598 0.178367
0.101323 0.0738765 0.167101 0.0776993 0.182365 0.076395 0.145381 0.17586
0.101461 0.0746713 0.166477 0.0770292 0.182946 0.0764334 0.146825 0.174157
0.100281 0.0740032 0.16511 0.0778292 0.184771 0.075979 0.145699 0.176329
0.0987653 0.072537 0.168873 0.0769269 0.184819 0.077307 0.144767 0.176004
0.101122 0.0753969 0.165328 0.0771175 0.185434 0.0769479 0.143699 0.174955
0.10149 0.0734822 0.167296 0.0775185 0.182219 0.0767646 0.143196 0.178033
0.0975727 0.0768766 0.169796 0.0754954 0.184006 0.0783752 0.145148 0.172731
0.101349 0.0744835 0.167718 0.0774801 0.181349 0.0761436 0.144116 0.17736
0.0973087 0.0753128 0.170496 0.0754512 0.1835 0.0788923 0.146336 0.172703
0.0982848 0.0737228 0.168042 0.0782531 0.181997 0.080214 0.143002 0.176484
0.100004 0.0740593 0.167406 0.0761424 0.183483 0.0766273 0.143975 0.178303
0.0990729 0.0742865 0.165893 0.0767366 0.184491 0.0783867 0.144602 0.176531
0.0996667 0.0732113 0.166708 0.0764676 0.182368 0.0785419 0.145365 0.177671
0.0997401 0.0746228 0.167919 0.078056 0.18427 0.0757532 0.14424 0.175399
0.100576 0.0742439 0.167081 0.077609 0.183816 0.0770337 0.14453 0.175111
0.1017 0.0740938 0.166485 0.0765843 0.182166 0.0787021 0.144331 0.175937
0.102416 0.0743763 0.167066 0.0764543 0.183312 0.0750625 0.144669 0.176644
0.100843 0.0731052 0.166414 0.0774822 0.183199 0.0758405 0.146135 0.176981
0.100793 0.0739 0.1662 0.0771122 0.18321 0.0762832 0.146001 0.1765
0.102219 0.0747076 0.165501 0.0767444 0.184212 0.0745487 0.145031 0.177035
0.0962037 0.0761394 0.171088 0.077817 0.181448 0.0790099 0.144263 0.174031
0.101264 0.0743928 0.167459 0.0757878 0.179837 0.0777344 0.147009 0.176516
0.0982087 0.0756049 0.166916 0.0761806 0.184284 0.0795287 0.149007 0.17027
0.10238 0.073469 0.166127 0.0760541 0.181607 0.0758844 0.146559 0.177919
0.100991 0.0759384 0.167337 0.0764526 0.18385 0.0765046 0.146023 0.172902
0.0998382 0.0747131 0.168439 0.0766605 0.182536 0.0786874 0.145084 0.174042
0.0995839 0.0746209 0.166516 0.0752179 0.18142 0.0791055 0.146285 0.17725
0.101581 0.0728458 0.168813 0.0754481 0.180431 0.0761241 0.146069 0.178687
0.100255 0.0737541 0.167852 0.075716 0.182047 0.0768654 0.147705 0.175805
0.100821 0.073182 0.168119 0.0763922 0.18119 0.0770253 0.146536 0.176734
0.100262 0.0745321 0.167797 0.076591 0.182497 0.0771514 0.147289 0.17388
0.0996043 0.0748405 0.166352 0.0776634 0.184163 0.0774817 0.145593 0.174301
0.101525 0.0736013 0.168463 0.0763383 0.180703 0.0769324 0.143778 0.178658
0.0993983 0.0739338 0.167666 0.0767135 0.184065 0.0766985 0.144478 0.177047
0.101038 0.0740321 0.166861 0.0763025 0.182829 0.0783735 0.14465 0.175913
0.0984853 0.0755192 0.168233 0.0781974 0.184571 0.0776919 0.146263 0.17104
0.0987712 0.0753093 0.167764 0.0781612 0.184473 0.0771774 0.14373 0.174614
0.0971835 0.0756389 0.170594 0.0762134 0.18153 0.0794503 0.141907 0.177483
0.0992502 0.076385 0.165812 0.0779381 0.185193 0.0771635 0.144166 0.174091
0.0995239 0.0737203 0.165719 0.0763401 0.184396 0.0773212 0.14508 0.177899
0.0992685 0.0755736 0.167215 0.076735 0.182715 0.0776381 0.144296 0.176559
0.100396 0.0742172 0.165267 0.077311 0.183499 0.0771558 0.143877 0.178277
0.0967883 0.074312 0.175891 0.0759804 0.176763 0.0780057 0.143462 0.178799
0.100451 0.0745645 0.165718 0.0776497 0.184771 0.0758872 0.144679 0.17628
0.100045 0.0740113 0.16704 0.0776525 0.183548 0.0761013 0.144428 0.177174
0.101885 0.0742461 0.167287 0.0775833 0.181909 0.0761594 0.144211 0.176719
0.0993868 0.0733626 0.169559 0.0763241 0.179592 0.0782427 0.14552 0.178013
0.102254 0.0741813 0.165968 0.0758239 0.18275 0.0753913 0.147732 0.1759
0.0997169 0.0759809 0.169056 0.0772172 0.180772 0.0761736 0.145854 0.175229
0.101118 0.0746508 0.166183 0.0769972 0.182237 0.0768646 0.145388 0.176562
0.102756 0.075757 0.165833 0.0765351 0.183222 0.0734746 0.152836 0.169587
0.0995208 0.0748661 0.166933 0.0760824 0.181268 0.0788972 0.144687 0.177746
0.100741 0.0742468 0.167618 0.0757823 0.18147 0.0766866 0.147226 0.17623
0.101822 0.0743291 0.166462 0.0773399 0.183016 0.0754335 0.147239 0.174358
0.100995 0.0737165 0.166189 0.0773017 0.183424 0.0754787 0.148216 0.174679
0.102044 0.0741152 0.167314 0.075235 0.180414 0.0772349 0.147677 0.175966
0.0994044 0.074914 0.167716 0.0757323 0.184321 0.0750847 0.146547 0.17628
0.10183 0.0749903 0.165597 0.0760844 0.183026 0.0759421 0.147165 0.175364
0.101981 0.0737702 0.166195 0.076849 0.180996 0.0751781 0.14751 0.17752
0.101759 0.0746245 0.166641 0.0752884 0.181795 0.076611 0.145349 0.177932
0.0991469 0.0739556 0.167067 0.0759055 0.184312 0.0768389 0.146416 0.176358
0.0995423 0.0738561 0.167305 0.0759547 0.181874 0.0774135 0.145617 0.178437
0.098097 0.0746069 0.174065 0.0750021 0.179794 0.077322 0.143347 0.177766
0.101325 0.0724061 0.16903 0.0761175 0.179166 0.0774003 0.147652 0.176902
0.100876 0.0730087 0.169377 0.0744769 0.177456 0.0778055 0.147296 0.179705
0.102846 0.0733038 0.166738 0.076338 0.179884 0.0763655 0.147802 0.176723
0.100417 0.0724421 0.170126 0.07749 0.178636 0.0777773 0.146521 0.176591
0.0997194 0.0722757 0.171558 0.0765773 0.177774 0.0783603 0.146157 0.177578
0.0986196 0.0725851 0.169197 0.0771383 0.182216 0.0779073 0.147535 0.174802
0.101978 0.0721022 0.167945 0.076792 0.182145 0.0758272 0.146433 0.176777
0.101707 0.0742633 0.16719 0.0755489 0.181258 0.0775061 0.144887 0.17764
0.101636 0.0757053 0.167104 0.0752091 0.181734 0.075347 0.148127 0.175138
0.0999422 0.0740168 0.168309 0.076092 0.183212 0.0764384 0.146852 0.175137
0.1024 0.0737061 0.165595 0.0769312 0.182696 0.0758239 0.146143 0.176704
0.0956197 0.0741903 0.173584 0.0752328 0.180595 0.0782402 0.145559 0.176979
0.0978369 0.0734463 0.173812 0.0772756 0.177456 0.0760143 0.147947 0.176212
0.10091 0.0738771 0.166942 0.0764364 0.183018 0.0767447 0.146509 0.175563
0.101993 0.0744624 0.167593 0.0758306 0.182271 0.0755244 0.147787 0.17454
0.100457 0.0738071 0.167246 0.0745045 0.182287 0.0774235 0.144952 0.179323
0.10198 0.0747776 0.167691 0.0757462 0.181042 0.0757243 0.148171 0.174868
0.0987087 0.0737124 0.168652 0.077039 0.18289 0.0774523 0.1452 0.176346
0.0979423 0.0738975 0.170659 0.0775001 0.179361 0.077929 0.144592 0.17812
0.102914 0.074291 0.167356 0.0756338 0.181928 0.0757367 0.145779 0.176361
0.101229 0.0742691 0.167405 0.0769822 0.182101 0.0764653 0.14706 0.174488
0.100146 0.0738048 0.168976 0.075561 0.179735 0.0786401 0.146402 0.176735
0.0952804 0.0748721 0.176621 0.0760239 0.175136 0.0802137 0.1454 0.176453
0.097995 0.0748544 0.172118 0.077791 0.180817 0.0787491 0.143102 0.174574
0.102001 0.0733813 0.166755 0.0772214 0.181791 0.0769521 0.145593 0.176306
0.102058 0.0729776 0.167484 0.0777638 0.181476 0.0748136 0.149086 0.174341
0.100993 0.0729604 0.166864 0.0771892 0.184297 0.076022 0.146881 0.174794
0.100839 0.0737488 0.16739 0.0775457 0.182433 0.0761819 0.147589 0.174273
0.100913 0.0729764 0.168368 0.0766176 0.180441 0.076616 0.144029 0.180039
0.100634 0.0745685 0.168517 0.0763568 0.180918 0.077209 0.145904 0.175893
0.099298 0.0739465 0.168539 0.0772974 0.184406 0.0748183 0.147411 0.174284
0.100166 0.0741282 0.168946 0.075599 0.184029 0.0757952 0.146414 0.174922
0.10059 0.0744516 0.168712 0.0761616 0.18395 0.0762529 0.144315 0.175566
0.0979141 0.0732496 0.16898 0.0774838 0.18369 0.0774682 0.144773 0.176441
0.10221 0.073786 0.167871 0.076826 0.183067 0.0746937 0.145941 0.175605
0.100837 0.0735482 0.167629 0.075766 0.182769 0.0761977 0.146662 0.176592
0.0975083 0.0753343 0.168749 0.0789087 0.181753 0.0791784 0.14441 0.174159
0.0995656 0.0740846 0.167856 0.077634 0.18321 0.0762116 0.147241 0.174198
0.0993084 0.072555 0.17036 0.0762562 0.180011 0.0774518 0.147056 0.177002
0.101874 0.0746021 0.166957 0.0756717 0.181619 0.0754606 0.146597 0.177219
0.100333 0.0739255 0.168096 0.0783255 0.182039 0.0766542 0.145446 0.175181
0.0967877 0.0739917 0.171308 0.0754261 0.177817 0.0783764 0.145339 0.180954
0.0985089 0.0743727 0.170699 0.0776425 0.181077 0.0766888 0.144452 0.17656
0.0989182 0.0729375 0.175523 0.0754903 0.173928 0.0825759 0.145847 0.17478
0.100603 0.0734831 0.170271 0.0754013 0.180128 0.0785347 0.146549 0.17503
0.0994798 0.0748342 0.167991 0.0773844 0.185209 0.0754198 0.147449 0.172234
0.100152 0.0746225 0.1677 0.0757241 0.181916 0.0764946 0.145986 0.177404
0.101177 0.0735292 0.167971 0.0761145 0.182927 0.0756847 0.14745 0.175145
0.100536 0.0736755 0.16735 0.0758376 0.182529 0.0789018 0.144124 0.177047
0.0995834 0.0729182 0.170005 0.0780871 0.179873 0.0765713 0.147679 0.175284
0.101595 0.0740754 0.166682 0.0771461 0.182062 0.0760927 0.146204 0.176144
0.101029 0.0745911 0.166158 0.0754912 0.183362 0.0752965 0.147234 0.176838
0.101211 0.0746801 0.166276 0.0771111 0.184371 0.0762296 0.14412 0.176
0.101983 0.0729243 0.16675 0.0761866 0.183216 0.0766117 0.145481 0.176848
0.102438 0.0739754 0.166329 0.076454 0.180886 0.0777583 0.144666 0.177494
0.0973678 0.0742008 0.16954 0.0777652 0.180657 0.0798698 0.145106 0.175493
0.101744 0.0755505 0.166701 0.0753625 0.183321 0.0758231 0.146146 0.175351
0.100364 0.0739345 0.166681 0.0766749 0.1829 0.0770458 0.145479 0.17692
0.101109 0.0737095 0.168087 0.0758861 0.182476 0.076665 0.145097 0.17697
0.0983728 0.07383 0.167334 0.0785874 0.182931 0.0782415 0.14799 0.172713
0.0987905 0.0738625 0.167971 0.0766289 0.182342 0.0766885 0.147399 0.176318
0.1011 0.0745793 0.166177 0.0758324 0.18195 0.0770166 0.14612 0.177225
0.100968 0.0735394 0.165918 0.0779901 0.183161 0.0791585 0.144133 0.175131
0.0984331 0.074905 0.170761 0.076136 0.176639 0.0808199 0.141772 0.180534
0.100611 0.0743403 0.167898 0.0765753 0.180809 0.0786197 0.14419 0.176957
0.100294 0.0743033 0.167516 0.0750885 0.183368 0.0766758 0.146181 0.176574
0.095738 0.0728994 0.173904 0.0780614 0.175479 0.0787565 0.147204 0.177958
0.0999592 0.0739396 0.169277 0.0758813 0.184568 0.0769083 0.145866 0.1736
0.0997494 0.0726432 0.16997 0.0754902 0.180873 0.0774795 0.147864 0.175931
0.0993795 0.073847 0.167956 0.0751529 0.182033 0.0775231 0.148237 0.175872
0.100256 0.0739719 0.165977 0.0771705 0.185499 0.0767979 0.145494 0.174835
0.0989026 0.073951 0.166457 0.0771131 0.181811 0.0796493 0.14571 0.176406
0.101536 0.0745029 0.166198 0.0750617 0.183508 0.0757893 0.146639 0.176765
0.0997777 0.0730501 0.168869 0.0758295 0.182082 0.0762855 0.14737 0.176736
0.101771 0.0740817 0.166743 0.0757861 0.181675 0.0780415 0.147455 0.174446
0.100452 0.0750132 0.166472 0.0758287 0.183735 0.0765279 0.147539 0.174431
0.101242 0.0752931 0.166576 0.075065 0.183183 0.0761985 0.147362 0.17508
0.100346 0.0747677 0.168825 0.0750124 0.18049 0.0750585 0.148776 0.176724
0.101091 0.0746006 0.16834 0.0748488 0.182618 0.0750218 0.147416 0.176063
0.100609 0.0745133 0.167576 0.0746816 0.182391 0.0761077 0.148087 0.176035
0.0960747 0.0747596 0.173458 0.075327 0.181334 0.0758621 0.150244 0.17294
0.0992509 0.0738427 0.170357 0.0777028 0.181842 0.0765689 0.14438 0.176056
0.0997519 0.0735147 0.167605 0.0765932 0.185147 0.0761428 0.146585 0.174661
0.101315 0.0736252 0.166665 0.076766 0.184264 0.0757551 0.14698 0.17463
0.0969125 0.0748044 0.174708 0.0767275 0.1763 0.0811369 0.140992 0.178419
0.098728 0.0743871 0.167476 0.0772746 0.18369 0.0769366 0.146604 0.174903
0.102371 0.0742208 0.167938 0.0757888 0.180324 0.0759645 0.145855 0.177538
0.10078 0.0743493 0.16698 0.0754017 0.182555 0.0764847 0.146464 0.176985
0.100465 0.0738093 0.166451 0.0766692 0.185066 0.0760561 0.145387 0.176097
0.102003 0.0737198 0.166348 0.0767516 0.182307 0.0775639 0.143967 0.177339
0.0984152 0.0749299 0.168467 0.0781156 0.184363 0.0786006 0.143081 0.174027
0.10253 0.0731356 0.166453 0.0774058 0.182931 0.076613 0.143575 0.177357
0.100933 0.0740405 0.167012 0.0773532 0.182767 0.0761511 0.146235 0.175507
0.102738 0.0743502 0.167951 0.0760885 0.181235 0.074778 0.14508 0.177779
0.101051 0.0733489 0.167183 0.0767391 0.182379 0.0765905 0.147875 0.174834
0.100178 0.074226 0.165945 0.0773783 0.181852 0.0787604 0.144372 0.177288
0.101707 0.0729348 0.165931 0.0758997 0.182267 0.076818 0.145161 0.179282
0.100366 0.0736706 0.16615 0.0767576 0.183946 0.0746485 0.148097 0.176364
0.0961886 0.0729332 0.171956 0.0750555 0.183159 0.076678 0.14741 0.176619
0.0978604 0.0745312 0.168495 0.0776651 0.182951 0.0786111 0.144415 0.175471
0.10129 0.0733082 0.165694 0.078062 0.184377 0.0768627 0.14549 0.174916
0.0999093 0.072457 0.168165 0.0776739 0.181705 0.079453 0.145256 0.175381
0.100852 0.0737323 0.168553 0.0762252 0.180876 0.0764806 0.144175 0.179106
0.101483 0.075249 0.166702 0.0752649 0.181375 0.0769858 0.146499 0.176441
0.0967129 0.0751997 0.17186 0.0760677 0.184812 0.0781333 0.144182 0.173033
0.101106 0.0728531 0.166926 0.0766355 0.182005 0.0768106 0.146114 0.17755
0.101931 0.0747669 0.165856 0.0762882 0.183527 0.0763877 0.1458 0.175443
0.102594 0.0740135 0.166267 0.0762947 0.181544 0.0757691 0.147421 0.176097
0.102028 0.0734261 0.16574 0.0764809 0.183362 0.0767279 0.147124 0.175112
0.101519 0.0741848 0.166865 0.0760375 0.183216 0.0761313 0.145725 0.176322
0.102113 0.0749528 0.166314 0.075545 0.182423 0.0769273 0.144932 0.176792
0.102482 0.0741215 0.165648 0.0761243 0.182936 0.0754875 0.14533 0.177871
0.101913 0.0737637 0.168154 0.0743533 0.18013 0.078173 0.144022 0.179491
0.101098 0.0739957 0.167945 0.0752052 0.180958 0.0768459 0.147431 0.176523
0.101626 0.0742764 0.166597 0.0761471 0.181496 0.0763548 0.148523 0.17498
0.100555 0.073144 0.167092 0.0765449 0.18 0.0780429 0.146518 0.178104
0.0985864 0.0759163 0.169635 0.0738162 0.18037 0.0767027 0.148238 0.176735
0.101069 0.073972 0.166497 0.0754003 0.180767 0.0776318 0.144783 0.17988
0.100707 0.0734442 0.169469 0.0749425 0.181126 0.0773428 0.147588 0.17538
0.0970194 0.0749155 0.171227 0.0767628 0.181517 0.0778573 0.147627 0.173075
0.0984729 0.0743156 0.169835 0.0762289 0.179574 0.0781726 0.14883 0.174571
0.0963008 0.0771995 0.174012 0.0748462 0.178499 0.0793386 0.141862 0.177942
